00 00 : 67.9200 67.2100
00 01 : 85.0600 84.4900
00 02 : 85.5400 85.2100
00 03 : 68.1400 68.7700
00 04 : 74.2400 74.2600
00 05 : 77.5600 77.9600
00 06 : 86.7600 85.9900
00 07 : 82.3200 81.1200
01 00 : 64.9400 65.2500
01 01 : 85.2800 85.0300
01 02 : 85.4600 85.2100
01 03 : 66.2800 67.9500
01 04 : 74.2400 74.4100
01 05 : 79.1600 77.8200
01 06 : 85.3000 85.6500
01 07 : 81.3000 80.9700
00 11 : 85.7600 85.7200
00 12 : 86.4200 85.9900
00 13 : 84.2800 84.1400
00 14 : 84.1400 84.3900
00 15 : 85.4200 84.8700
00 16 : 86.8000 86.7300
00 17 : 85.1000 84.5400
01 10 : 83.4800 83.4200
01 11 : 86.1000 85.7500
01 12 : 86.5600 85.8800
01 13 : 84.5200 84.1200
01 14 : 85.6600 85.3700
01 15 : 85.9200 85.4600
01 16 : 85.6800 85.8300
01 17 : 85.2400 85.1100
00 22 : 86.7400 86.5000
00 23 : 86.1200 85.1700
00 24 : 86.1400 85.7000
00 25 : 86.9200 86.9000
00 26 : 86.9000 86.6600
00 27 : 86.2000 86.6800
01 20 : 85.5800 85.2900
01 21 : 85.9400 85.6100
01 22 : 86.2000 85.5900
01 23 : 85.2400 85.2400
01 24 : 86.0600 85.6500
01 25 : 86.2200 86.7400
01 26 : 85.0800 85.2400
01 27 : 84.5800 84.8900
00 33 : 67.0600 67.8500
00 34 : 72.5600 73.0600
00 35 : 75.9400 75.9000
00 36 : 86.7600 86.0900
00 37 : 81.8400 81.1800
01 30 : 67.3400 67.9800
01 31 : 84.4800 84.2200
01 32 : 85.2200 84.1300
01 33 : 66.6000 67.0500
01 34 : 74.1000 74.4200
01 35 : 77.8600 77.0100
01 36 : 85.5600 84.2500
01 37 : 81.2600 81.5400
00 44 : 74.4600 75.1900
00 45 : 76.1600 76.1200
00 46 : 86.3400 85.8200
00 47 : 81.3800 81.8800
01 40 : 72.9800 73.8000
01 41 : 84.0800 83.2400
01 42 : 85.8000 85.3000
01 43 : 73.3000 73.6200
01 44 : 72.0000 72.8300
01 45 : 78.5400 78.6200
01 46 : 85.1600 84.5600
01 47 : 83.1000 82.8600
00 55 : 77.2400 77.2900
00 56 : 87.5200 86.5600
00 57 : 82.9200 83.0000
01 50 : 77.8800 77.5200
01 51 : 85.9600 85.8700
01 52 : 86.7000 86.5300
01 53 : 77.0800 76.9700
01 54 : 78.4200 77.9000
01 55 : 78.2800 78.1900
01 56 : 86.5800 86.3300
01 57 : 85.2000 84.4900
00 66 : 86.4400 85.6300
00 67 : 86.1600 85.8400
01 60 : 86.2000 85.4700
01 61 : 85.9600 84.9400
01 62 : 85.9800 85.8900
01 63 : 84.6800 84.8900
01 64 : 86.1200 85.7500
01 65 : 86.8000 86.8200
01 66 : 85.3800 84.7900
01 67 : 86.1400 85.1600
00 77 : 82.2400 82.2700
01 70 : 81.4300 81.7600
01 71 : 86.2200 86.0200
01 72 : 84.6000 84.5200
01 73 : 80.5600 80.4900
01 74 : 82.7600 82.1800
01 75 : 84.1000 84.0900
01 76 : 86.0400 85.1300
01 77 : 83.0000 82.9600
11 00 : 67.8800 68.8000
11 01 : 85.4200 85.1600
11 02 : 86.8800 86.8700
11 03 : 67.9400 68.5300
11 04 : 76.3600 76.7100
11 05 : 79.6400 79.6000
11 06 : 85.6400 85.7100
11 07 : 83.4800 82.6500
11 11 : 85.4400 85.3700
11 12 : 87.1800 86.2200
11 13 : 85.6000 85.5600
11 14 : 86.1400 85.3300
11 15 : 87.4800 86.6600
11 16 : 87.0600 86.7500
11 17 : 84.7200 84.4500
11 22 : 87.3800 87.1300
11 23 : 86.5800 86.2800
11 24 : 87.5200 87.0900
11 25 : 87.8400 87.4500
11 26 : 87.2000 85.6300
11 27 : 86.1000 85.9600
11 33 : 68.6000 67.9300
11 34 : 74.7200 75.4300
11 35 : 77.8600 78.2600
11 36 : 86.9600 85.8400
11 37 : 83.4600 83.5700
11 44 : 77.1200 76.5000
11 45 : 79.0800 78.8600
11 46 : 86.6200 86.0000
11 47 : 84.7800 84.1600
11 55 : 79.1400 78.7100
11 56 : 87.9400 87.2400
11 57 : 86.6800 86.0000
11 66 : 85.8000 85.8500
11 67 : 85.1600 85.1700
11 77 : 82.4800 82.2300
